ASASSN-17jz: 2.4285916324895443e+27
ASASSN-18jd: 1.714685017659319e+27
PS1-10adi: 3.07490756577354e+27
ZTF18aczpgwm: 7.259313843804229e+27
ZTF19aailpwl: 6.184939816285766e+27
ZTF19aamrjar: 1.307519819363131e+28
ZTF19aatubsj: 4.184047298161552e+27
ZTF20aanxcpf: 1.1653556131739587e+27
ZTF20abgxlut: 4.012614655473516e+27
ZTF20abodaps: 1.104751005452565e+28
ZTF20abrbeie: 2.0250563408075926e+28
ZTF20acvfraq: 4.066037539345304e+27
ZTF21abxowzx: 7.080668136867825e+27
ZTF22aadesap: 1.0178842602345356e+27
