ZTF18aczpgwm: 58599.79684029985
ZTF19aailpwl: 58683.04114580015
ZTF19aamrjar: 59178.00445599994
ZTF19aatubsj: 58677.90317129996
ZTF20aanxcpf: 59409.98929532696
ZTF20abgxlut: 59095.9340340555
ZTF20abodaps: 59092.917963000014
ZTF20abrbeie: 59349.94674770021
ZTF20acvfraq: 59302.60657409998
ZTF21abxowzx: 59556.69365740009
ZTF22aadesap: 59802.84472220019
ASASSN-17jz: 57979.59500000001
ASASSN-18jd: 58266.573751846365
PS1-10adi: 55438.700999999885
